Accuracy: 0.96748333
Precision: 0.97878439
Recall: 0.95549570
F1: 0.96699506
